[239.14, 107.6]
[239.14, 155.69]
[361.37, 202.77]
[351.35, 251.86]
[371.39, 289.93]
[176.03, 133.65]
[154.99, 195.76]
[110.91, 246.85]
[50.8, 234.83]
[111.91, 199.77]
[186.05, 277.91]
[266.19, 294.94]
[286.23, 361.06]
[319.29, 435.2]
[363.37, 336.02]
[309.27, 308.97]
[333.32, 282.92]
[398.44, 366.07]
[491.04, 475.13]
[540.41, 500.18]
[433.07, 463.68]
[372.25, 413.59]
[335.75, 406.43]
[398.01, 505.19]
[375.11, 448.65]
[342.19, 488.73]
[357.22, 543.83]
[203.75, 365.4]
[226.06, 428.28]
[266.63, 471.88]
[158.11, 430.3]
[194.62, 536.79]
[93.21, 334.97]
[101.32, 405.96]
[129.84, 398.35]
[165.39, 547.38]
[233.98, 564.22]
[243.33, 503.11]
[206.54, 465.07]
[68.23, 580.46]
[88.43, 692.19]
[89.07, 737.01]
[120.63, 650.53]
[144.62, 697.24]
[184.39, 672.62]
[162.29, 737.01]
[231.1, 642.32]
[93.62, 802.47]
[133.88, 781.0]
[115.99, 758.64]
[156.25, 895.52]
[145.51, 948.3]
[183.09, 916.09]
[203.66, 866.89]
[240.34, 803.37]
[258.24, 888.36]
[234.97, 741.64]
[296.7, 793.53]
[308.33, 880.31]
[345.91, 815.89]
[356.65, 871.36]
[288.49, 622.36]
[387.07, 608.5]
[344.71, 664.72]
[444.32, 637.85]
[499.67, 643.31]
[463.81, 596.53]
[368.7, 677.61]
[482.52, 736.08]
[512.15, 693.2]
[594.0, 732.18]
[594.78, 676.05]
[624.41, 708.8]
[608.81, 766.48]
[545.67, 807.8]
[523.06, 764.93]
[501.23, 799.23]
[441.2, 837.43]
[392.09, 782.08]
[542.27, 875.44]
[494.92, 831.25]
[516.23, 918.85]
[472.82, 904.64]
[510.7, 981.98]
[449.93, 930.68]
[472.82, 996.97]
[408.11, 927.53]
[423.1, 1003.29]
[382.81, 1068.14]
[386.83, 1135.25]
[330.46, 1060.09]
[317.71, 1121.83]
[335.16, 1149.34]
[354.62, 1097.0]
[300.93, 960.1]
[284.83, 1035.93]
[225.1, 974.19]
[272.75, 1087.6]
[225.77, 1027.21]
[194.23, 974.19]
[188.19, 1026.53]
[206.98, 908.42]
[205.87, 714.95]
[347.87, 590.38]
[409.76, 677.71]
[550.05, 655.71]
[517.66, 605.42]
[441.98, 773.5]
[547.23, 685.41]
[545.67, 748.55]
[477.06, 675.27]
[128.59, 496.87]
[46.55, 422.19]
[410.63, 750.65]
[362.92, 737.02]
[451.84, 968.8]
[237.76, 333.45]
[256.24, 403.15]
[241.77, 694.58]
[115.19, 703.6]
[108.32, 744.16]
