[348.91, 81.76]
[348.91, 170.45]
[369.6, 255.21]
[447.46, 177.35]
[521.37, 319.26]
[464.75, 245.11]
[477.88, 397.53]
[444.39, 329.12]
[426.57, 269.97]
[418.73, 381.85]
[460.06, 435.29]
[425.15, 462.37]
[409.47, 507.27]
[377.4, 411.07]
[309.71, 379.71]
[260.54, 461.66]
[280.49, 344.79]
[345.34, 455.96]
[142.96, 242.18]
[209.23, 273.54]
[204.95, 305.6]
[308.28, 269.26]
[279.78, 295.63]
[190.7, 377.57]
[157.21, 430.31]
[135.12, 448.83]
[328.23, 424.61]
[243.47, 574.91]
[321.64, 622.78]
[158.03, 487.65]
[113.19, 554.91]
[87.14, 602.18]
[124.1, 621.57]
[162.28, 553.7]
[171.37, 636.72]
[190.76, 595.51]
[264.18, 593.82]
[249.76, 645.86]
[341.99, 581.97]
[381.15, 677.81]
[307.46, 703.06]
[436.45, 576.65]
[500.86, 710.62]
[547.23, 613.57]
[541.22, 665.1]
[534.35, 573.21]
[605.63, 582.66]
[598.76, 638.48]
[559.19, 777.67]
[570.37, 832.93]
[608.87, 878.26]
[607.01, 843.49]
[526.28, 767.73]
[472.26, 778.29]
[456.38, 933.66]
[479.63, 900.97]
[499.75, 823.03]
[467.06, 841.26]
[432.49, 835.6]
[423.69, 773.37]
[482.78, 990.86]
[454.49, 961.95]
[411.12, 931.15]
[440.03, 1056.24]
[387.86, 1007.84]
[341.97, 867.03]
[306.14, 807.31]
[301.74, 746.97]
[357.06, 740.05]
[374.66, 815.48]
[396.03, 877.09]
[305.51, 906.63]
[267.8, 891.54]
[285.4, 956.29]
[252.71, 977.66]
[227.56, 921.09]
[186.08, 1027.95]
[167.85, 1088.3]
[101.84, 1090.81]
[157.16, 1021.04]
[268.31, 742.17]
[232.6, 799.53]
[188.23, 838.49]
[215.82, 752.99]
[176.86, 794.12]
[177.4, 692.39]
[126.0, 673.45]
[146.56, 720.53]
[104.89, 677.24]
[82.17, 712.41]
[74.05, 759.49]
[39.42, 763.82]
[251.42, 299.2]
[223.26, 361.85]
[417.63, 708.46]
[390.02, 615.57]
[378.24, 568.09]
[422.43, 982.06]
[474.24, 642.77]
[73.81, 656.71]
[100.47, 526.43]
[416.75, 309.37]
[533.17, 821.79]
[376.48, 915.57]
[171.83, 748.31]
[255.26, 491.02]
