[432.93, 306.27]
[408.5, 266.92]
[409.86, 212.65]
[375.41, 203.32]
[370.57, 306.46]
[338.19, 224.92]
[553.3, 297.29]
[672.48, 280.61]
[689.76, 322.91]
[729.09, 266.31]
[724.32, 227.57]
[677.96, 371.05]
[632.12, 417.5]
[648.41, 469.38]
[582.66, 425.34]
[599.55, 366.83]
[603.16, 489.89]
[796.8, 440.42]
[524.14, 389.15]
[565.16, 346.32]
[521.73, 457.92]
[455.32, 506.13]
[439.87, 556.18]
[422.21, 595.18]
[403.81, 583.4]
[351.56, 545.87]
[350.09, 572.37]
[383.2, 584.88]
[323.59, 635.65]
[302.25, 662.15]
[597.53, 543.3]
[608.8, 590.86]
[563.74, 483.23]
[564.99, 458.19]
[533.7, 535.79]
[431.31, 617.5]
[361.29, 669.65]
[351.6, 707.64]
[428.33, 660.71]
[601.47, 657.27]
[655.01, 681.4]
[708.56, 713.07]
[595.44, 698.75]
[562.25, 670.09]
[559.99, 728.91]
[558.48, 787.73]
[512.48, 692.71]
[483.07, 753.04]
[413.63, 751.13]
[532.99, 898.86]
[547.52, 937.98]
[454.2, 906.13]
[434.08, 937.42]
[417.88, 886.01]
[378.2, 814.48]
[411.73, 801.07]
[337.41, 855.27]
[320.64, 805.54]
[282.09, 801.63]
[244.09, 815.6]
[247.44, 867.57]
[249.12, 960.33]
[510.24, 1030.88]
[374.34, 961.03]
[263.15, 1001.89]
[289.29, 974.33]
[122.39, 817.45]
[97.2, 814.01]
[106.36, 856.96]
[76.01, 838.64]
[59.4, 881.01]
[26.76, 929.12]
[194.18, 1063.14]
[183.17, 1109.52]
[166.93, 1053.29]
[167.51, 1085.17]
[288.09, 1161.11]
[234.76, 1195.89]
[191.86, 1208.65]
[354.18, 1174.44]
[354.18, 1212.7]
[290.41, 1199.37]
[331.57, 1216.18]
[575.92, 1098.49]
[564.16, 1133.07]
[602.66, 1139.13]
[601.59, 1187.25]
[503.69, 1201.4]
[479.5, 1167.88]
[454.46, 1127.14]
[461.25, 1169.58]
[453.61, 1214.98]
[447.67, 1256.56]
[531.69, 1218.8]
[421.0, 1296.37]
[335.6, 1243.44]
[374.69, 1230.82]
[341.62, 1284.94]
[295.52, 1326.73]
[612.91, 1322.68]
[589.32, 1297.0]
[742.58, 1418.73]
[713.4, 1438.89]
[720.83, 1464.88]
[696.42, 1486.63]
[668.84, 1452.15]
[670.96, 1493.53]
[719.76, 1519.52]
[654.51, 1565.15]
[625.87, 1567.8]
[637.54, 1544.46]
[537.28, 1577.88]
[513.93, 1608.12]
[557.96, 1611.83]
[600.34, 1638.28]
[571.21, 1672.48]
[599.87, 1605.92]
[54.23, 1306.33]
[49.97, 1332.39]
[71.29, 1332.86]
[130.98, 1357.97]
[128.13, 1388.76]
[141.87, 1414.34]
[242.77, 1357.49]
[232.83, 1384.5]
[216.72, 1405.34]
[220.98, 1361.76]
[290.62, 1409.13]
[333.25, 1385.92]
[364.05, 1399.65]
[362.15, 1440.87]
[376.36, 1496.29]
[411.89, 1533.24]
[374.93, 1554.17]
[340.28, 1580.75]
[251.66, 1607.74]
[326.18, 1537.65]
[307.37, 1741.86]
[371.28, 1690.07]
[390.7, 1746.71]
[244.74, 1783.42]
[278.67, 1855.96]
[275.75, 1895.16]
[175.7, 1764.7]
[184.48, 1805.65]
[198.95, 1951.64]
[171.2, 1982.73]
[335.47, 2020.16]
[327.77, 2052.28]
[376.58, 2026.58]
[374.87, 2007.31]
[414.27, 1978.62]
[794.07, 1755.28]
[771.7, 1750.12]
[773.42, 1776.78]
[781.43, 1814.56]
[695.41, 1792.62]
[711.21, 1807.1]
[709.46, 1832.11]
[711.21, 1856.69]
[734.91, 1840.89]
[753.78, 1961.57]
[741.05, 1994.05]
[719.99, 2029.59]
[769.14, 1938.31]
[786.26, 1907.59]
[479.63, 1939.34]
[91.1, 1559.01]
[75.58, 1591.55]
[49.05, 1564.02]
[229.75, 1521.47]
[203.72, 1583.54]
[309.84, 1485.43]
[279.3, 1529.98]
[235.76, 1520.97]
[213.23, 1556.51]
[243.71, 1652.73]
[225.36, 1678.32]
[234.4, 1690.73]
[1595.69, 1117.4]
[247.89, 932.67]
[436.7, 1051.48]
[289.89, 1568.42]
[248.7, 1714.42]
[310.2, 1782.03]
[301.48, 1810.82]
[217.44, 1947.37]
[199.34, 1907.63]
[203.31, 1877.6]
[430.97, 1812.84]
[403.83, 1796.34]
[384.14, 1778.78]
[358.6, 1723.44]
[334.65, 1791.02]
[285.56, 1371.8]
[420.25, 1177.12]
[87.6, 1579.03]
[394.14, 2040.72]
[315.16, 1297.27]
[348.23, 1324.03]
[296.06, 838.51]
[313.94, 916.19]
[549.48, 440.42]
[672.48, 228.76]
[357.42, 250.39]
[569.56, 260.14]
[627.98, 201.72]
[483.09, 309.99]
[188.71, 1370.87]
[418.87, 1698.99]
[419.93, 1728.44]
[489.33, 356.73]
[682.25, 417.82]
[635.09, 371.37]
[605.53, 450.89]
[546.42, 493.83]
[557.68, 515.64]
[518.27, 507.2]
[745.59, 451.6]
[725.88, 498.05]
[700.55, 457.23]
[383.76, 632.85]
[211.67, 904.4]
[206.35, 927.96]
[367.47, 920.36]
[410.79, 962.92]
[414.59, 1006.24]
[587.87, 837.52]
[413.07, 1130.12]
[423.71, 1216.76]
[407.75, 1248.68]
[470.07, 1278.32]
[432.83, 1313.28]
[356.83, 1268.44]
[590.15, 1075.4]
[587.11, 1243.36]
[669.19, 1288.2]
[314.45, 1434.67]
[293.27, 1469.72]
[269.91, 1585.82]
[531.32, 1537.63]
[312.26, 1699.0]
[392.58, 1654.46]
[743.8, 1773.48]
[764.98, 1808.53]
[738.69, 1727.48]
[375.79, 1824.6]
[369.21, 1789.55]
[390.39, 1838.47]
[308.61, 1850.15]
[276.48, 1652.27]
[373.68, 1950.65]
[320.72, 1961.34]
[493.2, 1960.37]
[412.55, 2016.24]
[304.89, 2093.81]
[364.83, 1912.86]
[297.49, 1265.59]
[277.29, 1308.95]
[473.34, 1128.95]
[633.92, 249.28]
[611.01, 279.06]
[208.12, 1646.42]
[292.92, 1787.19]
