[543.08, 62.89]
[543.08, 104.99]
[527.09, 414.09]
[542.01, 457.62]
[464.9, 213.86]
[437.54, 215.11]
[421.38, 253.66]
[421.71, 188.52]
[349.95, 170.39]
[389.99, 248.2]
[353.73, 255.75]
[325.02, 131.11]
[446.9, 461.15]
[434.05, 440.59]
[395.51, 346.17]
[407.71, 381.5]
[346.69, 415.54]
[520.27, 579.0]
[413.63, 554.29]
[427.94, 580.3]
[414.93, 616.71]
[366.82, 651.82]
[333.65, 636.87]
[289.44, 596.55]
[290.09, 630.36]
[313.5, 664.83]
[79.42, 108.26]
[39.76, 158.12]
[56.75, 236.88]
[15.39, 137.72]
[10.86, 350.77]
[74.54, 627.16]
[80.28, 674.2]
[98.63, 716.07]
[116.41, 454.01]
[51.51, 568.65]
[55.28, 533.38]
[425.42, 711.24]
[353.6, 763.87]
[379.6, 833.22]
[513.34, 854.27]
[177.74, 921.84]
[185.23, 881.16]
[190.58, 853.33]
[549.68, 948.83]
[549.27, 981.5]
[521.63, 831.03]
[331.01, 925.72]
[330.54, 964.74]
[313.61, 922.43]
[312.67, 947.81]
[397.27, 980.62]
[375.17, 957.39]
[360.44, 1025.38]
[387.64, 1049.74]
[383.11, 1105.84]
[405.2, 1138.13]
[363.84, 1147.2]
[274.32, 1149.47]
[260.15, 1175.53]
[192.97, 1165.95]
[392.2, 1226.27]
[414.56, 1240.61]
[306.16, 1257.25]
[279.77, 1310.59]
[252.24, 1312.88]
[244.21, 1343.86]
[346.39, 1355.23]
[323.47, 1411.32]
[325.42, 1437.66]
[369.8, 1406.44]
[388.34, 1366.45]
[382.0, 1393.27]
[375.17, 1424.49]
[342.98, 1444.0]
[488.29, 1300.05]
[497.83, 1317.89]
[511.93, 1300.47]
[516.49, 1320.38]
[333.33, 1277.63]
[347.61, 1290.22]
[329.98, 1307.86]
[271.19, 1376.55]
[270.34, 1402.9]
[254.62, 1430.1]
[205.31, 1470.48]
[215.09, 1498.95]
[284.55, 1516.95]
[277.23, 1536.31]
[259.16, 1567.72]
[251.42, 1589.67]
[237.65, 1585.79]
[246.69, 1618.49]
[250.99, 1655.92]
[206.24, 1646.03]
[214.85, 1609.89]
[349.83, 1522.03]
[358.98, 1560.36]
[333.28, 1559.93]
[344.61, 1627.43]
[443.58, 1473.6]
[479.87, 1462.49]
[489.79, 1676.58]
[511.16, 1691.95]
[484.92, 1656.71]
[468.05, 1685.57]
[483.42, 1719.69]
[453.8, 1726.44]
[445.93, 1681.83]
[431.68, 1688.57]
[446.3, 1753.81]
[405.85, 1767.48]
[255.0, 1675.59]
[247.32, 1689.8]
[259.62, 1761.26]
[256.54, 1732.83]
[327.89, 1776.44]
[334.75, 1811.07]
[337.37, 1844.39]
[253.08, 1792.77]
[252.99, 1828.17]
[276.24, 1917.13]
[292.18, 1886.95]
[343.71, 1938.48]
[338.02, 1958.12]
[315.21, 1935.72]
[317.95, 1963.51]
[308.0, 1997.48]
[322.63, 866.31]
[514.54, 955.31]
[404.4, 1002.77]
[182.8, 991.0]
[189.22, 1017.16]
[190.14, 1053.86]
[210.33, 1085.06]
[203.44, 969.44]
[213.08, 993.76]
[216.55, 1239.31]
[343.3, 1731.62]
[330.34, 1693.58]
[98.79, 665.41]
[117.08, 696.74]
[419.89, 1778.11]
[512.76, 1344.85]
[288.38, 1287.65]
[359.31, 1122.84]
[376.87, 1025.95]
[526.96, 804.12]
[38.62, 198.92]
[407.71, 295.43]
[368.84, 219.49]
[483.56, 253.66]
[533.3, 369.32]
[430.27, 1358.32]
[319.78, 1505.84]
[253.17, 1368.15]
[249.59, 1392.29]
[177.18, 1491.53]
[18.48, 102.05]
[284.98, 1939.64]
[347.45, 229.59]
[558.92, 133.67]
[334.28, 368.18]
[358.56, 280.9]
[536.15, 553.36]
[367.89, 704.66]
[346.5, 735.22]
[333.66, 796.35]
[440.02, 744.39]
[302.67, 905.21]
[325.74, 898.02]
[293.98, 939.67]
[360.57, 961.52]
[390.99, 951.74]
[312.21, 1136.54]
[312.72, 1163.63]
[342.76, 1411.57]
[437.61, 1452.1]
[422.38, 1472.24]
[403.89, 1534.75]
[393.49, 1563.46]
[207.67, 1571.25]
[267.71, 1597.74]
[281.53, 1627.28]
[297.19, 1589.83]
[408.27, 1742.32]
[360.13, 1803.46]
[284.71, 1861.45]
[291.44, 1918.52]
[360.63, 1615.77]
[365.72, 1636.77]
[374.14, 1663.17]
[224.76, 1514.97]
[61.32, 77.29]
[55.15, 101.34]
[55.15, 145.75]
[325.77, 178.45]
[447.17, 152.92]
[408.06, 743.12]
[370.16, 997.39]
[333.12, 1061.43]
[489.39, 1131.97]
[222.48, 1290.68]
[274.16, 1258.28]
[281.08, 1244.45]
[281.1, 1733.72]
[289.19, 1766.66]
[420.06, 339.42]
[387.89, 400.96]
[356.12, 443.18]
[317.63, 611.68]
[358.04, 679.1]
[362.53, 634.22]
[430.98, 702.75]
[366.39, 890.09]
[559.16, 931.07]
[563.77, 954.15]
[425.84, 1023.41]
[211.14, 1064.96]
[225.36, 1784.81]
[210.77, 1803.57]
[348.51, 1869.24]
[256.69, 1890.22]
[268.27, 1815.42]
[343.71, 1718.72]
