[208.46, 234.87]
[251.68, 432.23]
[239.69, 543.15]
[236.31, 582.82]
[142.62, 636.84]
[205.82, 773.09]
[230.67, 797.51]
[299.11, 845.47]
[273.3, 960.47]
[184.59, 979.01]
[245.49, 980.33]
[294.92, 943.26]
[170.03, 1202.81]
[239.28, 1210.4]
[255.36, 1182.7]
[216.02, 1328.67]
[264.99, 1382.54]
[261.13, 1403.39]
[240.27, 1415.75]
[365.41, 1357.05]
[290.61, 1122.3]
[260.4, 1102.59]
[216.51, 1191.6]
[197.76, 1163.71]
[189.58, 1136.3]
[279.01, 1137.27]
[179.19, 1267.61]
[238.07, 91.36]
[377.4, 1326.09]
[406.81, 1336.22]
[291.55, 1351.65]
[153.31, 980.99]
[145.18, 954.26]
[156.12, 576.91]
[238.94, 231.41]
[156.31, 209.83]
[143.17, 262.37]
[212.02, 408.3]
[212.04, 523.55]
[273.53, 51.08]
[204.32, 190.54]
[188.82, 540.85]
[207.19, 589.29]
[213.16, 699.0]
[208.46, 738.19]
[266.26, 794.08]
[276.05, 822.07]
[139.0, 903.69]
[236.54, 960.49]
[113.02, 938.16]
[81.66, 949.56]
[342.28, 1055.22]
[367.94, 1021.0]
[372.22, 1052.55]
[370.19, 1084.58]
[333.67, 901.65]
[348.75, 897.63]
[274.85, 905.67]
[182.47, 1102.01]
[170.39, 1028.11]
[155.31, 1086.29]
[336.26, 1031.97]
[356.31, 1337.59]
[198.01, 1293.16]
[196.26, 1326.95]
[188.96, 1355.33]
[218.74, 1169.34]
[242.29, 1080.41]
[371.0, 1196.48]
[324.45, 1192.95]
[300.08, 1185.43]
[313.68, 1164.95]
[219.46, 1294.76]
[190.61, 863.01]
[315.07, 920.28]
