[371.49, 43.22]
[402.77, 81.28]
[332.38, 100.05]
[287.54, 108.4]
[351.15, 120.91]
[388.69, 95.88]
[478.38, 99.01]
[488.81, 181.92]
[401.21, 239.27]
[350.63, 237.19]
[402.25, 283.07]
[453.35, 284.64]
[502.37, 338.35]
[371.49, 336.26]
[358.45, 297.67]
[322.47, 272.65]
[301.09, 263.78]
[250.51, 265.87]
[192.64, 349.3]
[292.09, 325.74]
[328.66, 355.91]
[333.57, 310.28]
[441.77, 352.51]
[409.35, 378.53]
[469.3, 413.21]
[424.43, 452.05]
[400.68, 400.02]
[352.04, 398.13]
[382.58, 427.92]
[372.02, 397.38]
[314.34, 378.53]
[324.89, 416.23]
[394.24, 473.33]
[430.59, 534.67]
[373.79, 516.95]
[346.53, 452.43]
[406.51, 576.93]
[353.8, 566.93]
[289.74, 512.41]
[450.13, 636.9]
[402.42, 633.27]
[353.8, 604.19]
[329.72, 602.83]
[340.17, 646.45]
[365.62, 686.43]
[430.14, 698.7]
[382.88, 657.35]
[298.1, 710.27]
[307.41, 748.46]
[344.2, 727.04]
[268.3, 671.16]
[313.93, 807.13]
[332.72, 876.29]
[302.08, 849.9]
[316.22, 905.05]
[321.73, 496.95]
[307.76, 551.09]
[268.18, 608.14]
[228.01, 469.01]
[218.12, 533.63]
[190.17, 610.47]
[193.67, 586.02]
[179.11, 526.06]
[172.71, 471.92]
[59.2, 321.73]
[127.89, 386.93]
[39.99, 422.44]
[50.15, 522.99]
[67.68, 476.36]
[115.5, 536.95]
[87.29, 568.18]
[72.14, 618.69]
[139.49, 609.85]
[150.01, 559.76]
[144.54, 657.42]
[87.71, 707.09]
[142.01, 745.39]
[93.26, 759.26]
[83.88, 801.01]
[175.5, 805.27]
[224.07, 781.41]
[218.53, 837.66]
[245.38, 838.51]
[251.34, 797.18]
[153.93, 833.46]
[104.97, 660.67]
[111.22, 601.85]
[283.42, 950.89]
[291.61, 994.1]
[266.7, 518.39]
[261.57, 556.23]
[205.66, 728.4]
[203.47, 768.21]
[302.18, 220.49]
[114.14, 820.19]
[99.36, 411.38]
[369.38, 366.84]
[230.18, 312.28]
[263.03, 319.58]
[438.75, 328.96]
[429.89, 217.9]
[378.27, 140.72]
[267.72, 172.01]
[394.82, 601.36]
[69.6, 578.95]
[212.62, 364.25]
[202.47, 417.4]
[162.37, 425.14]
