[245.19, 48.26]
[231.78, 94.36]
[195.75, 145.05]
[207.48, 176.9]
[175.64, 77.59]
[273.68, 183.18]
[245.19, 251.48]
[307.62, 184.86]
[308.04, 235.98]
[351.62, 189.05]
[350.78, 262.38]
[295.05, 320.2]
[419.42, 226.58]
[424.91, 273.47]
[369.54, 294.92]
[365.55, 342.31]
[286.09, 284.33]
[266.5, 364.49]
[324.1, 358.55]
[371.01, 385.87]
[341.91, 318.77]
[145.95, 303.33]
[142.98, 251.67]
[105.57, 276.61]
[282.85, 388.65]
[283.28, 434.6]
[312.9, 487.84]
[353.7, 552.68]
[420.25, 514.46]
[446.44, 492.56]
[439.14, 457.78]
[488.35, 328.44]
[574.85, 378.87]
[559.2, 428.42]
[522.26, 483.62]
[585.28, 505.79]
[552.25, 506.66]
[608.53, 594.08]
[530.91, 581.76]
[114.37, 498.24]
[60.26, 547.85]
[68.38, 506.36]
[28.7, 537.93]
[101.75, 423.84]
[109.86, 385.06]
[187.42, 418.88]
[179.31, 452.7]
[208.17, 468.93]
[149.55, 524.4]
[262.28, 491.93]
[290.23, 533.42]
[258.67, 555.96]
[218.09, 539.73]
[227.1, 587.53]
[406.25, 669.78]
[370.19, 681.19]
[335.95, 681.65]
[376.58, 735.51]
[280.72, 639.65]
[284.37, 724.56]
[314.04, 640.11]
[214.99, 645.59]
[209.51, 688.95]
[244.2, 722.27]
[172.99, 651.06]
[186.68, 722.27]
[83.98, 613.63]
[122.78, 620.94]
[126.43, 751.03]
[146.06, 717.25]
[158.38, 763.81]
[123.69, 803.07]
[155.88, 828.13]
[137.95, 862.91]
[219.46, 844.98]
[248.81, 797.16]
[267.96, 928.17]
[431.63, 829.84]
[314.54, 820.14]
[209.09, 790.38]
[303.64, 696.22]
[310.76, 666.47]
[350.15, 634.21]
[362.72, 585.18]
[200.56, 623.73]
[366.7, 460.47]
[225.83, 340.53]
[181.25, 356.95]
[47.4, 469.57]
[293.88, 765.2]
[287.37, 788.44]
[421.28, 773.56]
[173.27, 893.34]
[114.11, 776.14]
[119.13, 680.73]
[345.08, 766.55]
[330.47, 734.6]
[33.21, 440.98]
[75.59, 468.48]
[132.86, 454.5]
[500.52, 402.34]
[452.02, 566.42]
[418.53, 577.58]
[339.1, 493.85]
[341.91, 407.25]
[252.31, 199.94]
[215.86, 122.01]
[238.03, 680.0]
[149.07, 593.19]
[240.61, 291.69]
[203.64, 252.01]
